Issue ID,K_true,K_pred,Precision,Recall,F1,MRR,NDCG@K,Predicted,True
32,1,0,0.0,0.0,0.0,0.0,0.0,[],['a5366e351003108da57c9b5a0d8f2674017817b8']
58,1,1,1.0,1.0,1.0,1.0,1.0,['c1c5b3b8c4da5043d0f10faa90c3a5de8baa06c4'],['c1c5b3b8c4da5043d0f10faa90c3a5de8baa06c4']
77,2,1,1.0,0.5,0.6666666666666666,1.0,0.6131471927654584,['5c8d4f139f891d3f386b6271804550a33d67b197'],"['32355b320e61bc3c607a02b96e46b61016b23aef', '5c8d4f139f891d3f386b6271804550a33d67b197']"
178,1,1,1.0,1.0,1.0,1.0,1.0,['4ce3516b40b292720be43dbf667e4a73017f8b7e'],['4ce3516b40b292720be43dbf667e4a73017f8b7e']
182,3,1,1.0,0.3333333333333333,0.5,1.0,0.46927872602275644,['ee6b32a58c7d4efff8401d975edf7008e648b4bc'],"['0f2bae4a58852f30280c7985e664742a9984cd10', '316dd34d6235db67bc85b0e16d678367a68fb7ea', 'ee6b32a58c7d4efff8401d975edf7008e648b4bc']"
212,2,1,1.0,0.5,0.6666666666666666,1.0,0.6131471927654584,['b857a2c8e3ffd6e01b103b1d3773e0f98cea4ae1'],"['b857a2c8e3ffd6e01b103b1d3773e0f98cea4ae1', 'ecdf73eaee0f8080b3e300087ec831661e4a725c']"
260,1,2,0.0,0.0,0.0,0.0,0.0,"['3955d87b66daef8b004de6be6186ac2a8bd0ecab', '8a99449e92c8b7dd36c8df1b94125ec015fa2080']",['90c61930a1736fe5427e9a68204d0c29d8d1f005']
305,1,1,1.0,1.0,1.0,1.0,1.0,['0984e6dbfc79041f8d8f06bdca3a875deccc6ca1'],['0984e6dbfc79041f8d8f06bdca3a875deccc6ca1']
397,1,1,1.0,1.0,1.0,1.0,1.0,['d165774e5e3c19a2019c98291fd776db4faaa21d'],['d165774e5e3c19a2019c98291fd776db4faaa21d']
409,2,1,1.0,0.5,0.6666666666666666,1.0,0.6131471927654584,['c503709025b1fd4c0624ecbf77dd96cd2d2d6988'],"['c503709025b1fd4c0624ecbf77dd96cd2d2d6988', 'e4ed3b2699781e3fef4dc9ae4d78d78b5f92b3de']"
410,1,1,1.0,1.0,1.0,1.0,1.0,['e365df69cc3acfbb71b338b6474757689d2916ce'],['e365df69cc3acfbb71b338b6474757689d2916ce']
575,2,1,0.0,0.0,0.0,0.0,0.0,['b8cf3a3ec582b954da6bdc1825aa74c5a0acb358'],"['6c5db2d4dbf6f7cfd40a1785abbb8cb74539a879', 'db7a4c724a2eaa2b2f6ea8841a3e5fdac4911b62']"
765,4,3,1.0,0.75,0.8571428571428571,1.0,0.8318724637288826,"['4e5805b685d4e900e3ebd91a3220532b312a0f67', 'a2a13c9d0794a281fc12c39ef9b625ed57cfd493', 'e30d7dbd2be6294a570581864e7a9d92d1116d2e']","['4e5805b685d4e900e3ebd91a3220532b312a0f67', 'a2a13c9d0794a281fc12c39ef9b625ed57cfd493', 'd43d345101f7d54ca259853fbd9f5a4f0c1bdf99', 'e30d7dbd2be6294a570581864e7a9d92d1116d2e']"
809,1,1,1.0,1.0,1.0,1.0,1.0,['dd537045e0b55c87526ddc99d136b99d2f8f0c8f'],['dd537045e0b55c87526ddc99d136b99d2f8f0c8f']
831,1,1,1.0,1.0,1.0,1.0,1.0,['e856545c0e71579fee9c67b110cb9d84d7836db9'],['e856545c0e71579fee9c67b110cb9d84d7836db9']
865,3,2,1.0,0.6666666666666666,0.8,1.0,0.7653606369886217,"['12b0906a4591cce7a37c368552508336d34c7bcb', 'bf13061a93fa3817e90ff99b716e24e1e52a1ffc']","['12b0906a4591cce7a37c368552508336d34c7bcb', 'b9b455300537fe2a821e02598aba19fb6d67a6ff', 'bf13061a93fa3817e90ff99b716e24e1e52a1ffc']"
1088,6,1,1.0,0.16666666666666666,0.2857142857142857,1.0,0.30260241349881345,['9ca4e18ccc358de60e379f4ac694705fe205c524'],"['7eb020f0e0b6817cd4d5eeb9a9c387cbbf3bcc00', '85fff7ee934f56da2dc25991c89689418b9b2804', '9ca4e18ccc358de60e379f4ac694705fe205c524', 'a11405d6be2e3ec67d914c5fa08f11253476e1fd', 'b0ee44eec8a1833f7b08b3b012aac2a1c8c81ae8', 'c026816473e4511878e4419c108af9b43b7c3067']"
1220,4,1,1.0,0.25,0.4,1.0,0.3903800499921017,['b6e7df071924edc63f3add28283f77bc1c77255d'],"['756180a2e92607cd2aa3d5ebb709d057936c9ed9', 'b054e9e21cbd93f29c49a8bc74ddd93b4e4cdc77', 'b6e7df071924edc63f3add28283f77bc1c77255d', 'fe97fd722f923bb82452590efa6088cf8fd7b0d7']"
1511,3,3,1.0,1.0,1.0,1.0,1.0,"['d89f92d11d1268bc180916d10d762221966c793d', 'e60d3ab2f7bbebd7f6632b5bf7f24c42170b3e6a', 'f8195893dc53ff2067b8da55fbc533a23dcb3224']","['d89f92d11d1268bc180916d10d762221966c793d', 'e60d3ab2f7bbebd7f6632b5bf7f24c42170b3e6a', 'f8195893dc53ff2067b8da55fbc533a23dcb3224']"
1593,3,4,0.25,0.3333333333333333,0.28571428571428575,1.0,0.46927872602275644,"['10b17cd16e92caa2343eaa660f4f85c3cb88407f', '5d23e76c259f8d500347863e1b72938c794e03b4', '8d1d2fb2404d24d7a63ba20af0f79bb1db24af51', 'd212d782f56b973cc64a342faa8d245f0bf28f25']","['588a116401751f3d59ed46aae74a38aa54947367', '5d23e76c259f8d500347863e1b72938c794e03b4', 'b6ade274936b6fb810d3999a8c95efb83cba6520']"
1596,2,2,1.0,1.0,1.0,1.0,1.0,"['782b4fb90e21c93abb7bfc292e9d6ea76959a026', '817f713a9a0a80702fb6388c0cb4537386e93c35']","['782b4fb90e21c93abb7bfc292e9d6ea76959a026', '817f713a9a0a80702fb6388c0cb4537386e93c35']"
1666,1,1,1.0,1.0,1.0,1.0,1.0,['961e1ea51c7e490e2ac01c499430091c600d169f'],['961e1ea51c7e490e2ac01c499430091c600d169f']
1775,3,1,1.0,0.3333333333333333,0.5,1.0,0.46927872602275644,['71832839d0789eac02d2b9f66c3502c3d398780f'],"['4f05230e5cf0db208c767b6af0ecbdbf7784bdb6', '71832839d0789eac02d2b9f66c3502c3d398780f', '9cff1ab4a269c8b0bcaced8ce30a24aa0ef8c669']"
2482,3,1,1.0,0.3333333333333333,0.5,1.0,0.46927872602275644,['a1e8c87a2230c1ad6d0b83b6fa409adc010a7de4'],"['90096adccf4b0bd30cd5333bf730fe7354fdd84f', 'a1e8c87a2230c1ad6d0b83b6fa409adc010a7de4', 'ccfb795074c76dae600404b5f66389c285265a58']"
2587,2,0,0.0,0.0,0.0,0.0,0.0,[],"['2060869d505b10b20b24981880e98b21b0b43e88', '300062a0b2cb5059a1e00d1b77b3fd2d595d7921']"
2590,5,0,0.0,0.0,0.0,0.0,0.0,[],"['3a972a72ba2cb855a9870040a6b4084b2a6f7212', '6d96fad5f2dbb3ebd7d87aa886d3d62c7f55d008', '76c1a5a7df9c2d20f84c8a48530885f5c2bec59f', '95dfbfa6bfe82202ba75773318a718e9d1bac287', 'da758e0275e11dfb238d4af62cea2570649039ab']"
2962,2,2,1.0,1.0,1.0,1.0,1.0,"['589660811f53df44130bfc4c9c0cb3d550348a05', '5a0588de7cfa07dd76dec58cf90098d38f408b8c']","['589660811f53df44130bfc4c9c0cb3d550348a05', '5a0588de7cfa07dd76dec58cf90098d38f408b8c']"
3167,1,1,1.0,1.0,1.0,1.0,1.0,['9f4625bf6d33bc3d0628a19d3f01b37ab4f456c8'],['9f4625bf6d33bc3d0628a19d3f01b37ab4f456c8']
3285,1,1,1.0,1.0,1.0,1.0,1.0,['9a0536adce3b6dbdfb5d2de20f504d3d862622f1'],['9a0536adce3b6dbdfb5d2de20f504d3d862622f1']
3303,4,1,1.0,0.25,0.4,1.0,0.3903800499921017,['015096e34e15e088edf692e3b113b2c93f061657'],"['015096e34e15e088edf692e3b113b2c93f061657', '5556b67c891274a0104bddb542386c55de546da8', 'cbf79fac697bf74c5cae245026814344a6763c8a', 'e7ef4d9dce3e100028b9fd41520467ab9acb8139']"
3363,3,1,1.0,0.3333333333333333,0.5,1.0,0.46927872602275644,['d3ef8e7d2f89647da053a83e439260b9bed67f5f'],"['8e401860f61a4ad021fcd8342610ad4cb850b307', 'bd058f45a9fc6831b8f791deddb868ae9ef6e768', 'd3ef8e7d2f89647da053a83e439260b9bed67f5f']"
3372,5,1,1.0,0.2,0.33333333333333337,1.0,0.3391602052736161,['9370164f8c10f9be6c0d9d23693c9171e8029f65'],"['1b32720072d2c7c3ed93d1b2b1a7b1493c74430c', '828c64c2863c99c3fa500bc912acae4da8fcb9a1', '9370164f8c10f9be6c0d9d23693c9171e8029f65', 'be3f29f3e965ef3692fdf14a0fdbda6a253fa2a0', 'ed6dc1ad0809a7e44c333513f0b6a70f2b35453a']"
3629,2,1,1.0,0.5,0.6666666666666666,1.0,0.6131471927654584,['d3588d62ad9f0f29c5420b5a98fc1c668ede72ca'],"['d3588d62ad9f0f29c5420b5a98fc1c668ede72ca', 'ecaabfa955ac2f2ec1ac00c0e9304bcae2e6c81b']"
3634,1,1,1.0,1.0,1.0,1.0,1.0,['cbcdf56fadf6ef5ec5915605aebc512c84dd9068'],['cbcdf56fadf6ef5ec5915605aebc512c84dd9068']
3762,1,1,1.0,1.0,1.0,1.0,1.0,['3d70c54845d09d5d41fe26029bf906bac7be5065'],['3d70c54845d09d5d41fe26029bf906bac7be5065']
4116,4,2,1.0,0.5,0.6666666666666666,1.0,0.6366824387328317,"['6a16ce3bb994f10655f4772c7dbf8cbfa838e9e7', '7ec6d8abdbee3e992df1350ab6e024bbf267a89a']","['000027b8c02574b3d85039584bc9a296fabb1783', '05e89f36310b7a0481e1cfbf1960ffad9aa8a71a', '6a16ce3bb994f10655f4772c7dbf8cbfa838e9e7', '7ec6d8abdbee3e992df1350ab6e024bbf267a89a']"
4613,1,1,1.0,1.0,1.0,1.0,1.0,['c4ced7f11c19144256bf1ee6473ab546762b84d2'],['c4ced7f11c19144256bf1ee6473ab546762b84d2']
4686,5,1,1.0,0.2,0.33333333333333337,1.0,0.3391602052736161,['4e7a8a82779e05e3cbb52fa7fd6d276398c8b94e'],"['1bf7589e405369873656d80c1201313cb5b20175', '4e7a8a82779e05e3cbb52fa7fd6d276398c8b94e', '4ef8dd360066583ba6758fb7e8c69b75798d7a69', '822e1bf2da04663ee3814baad24ae4656d8e4807', 'ff0afa73ef628873445283207209e985e8acfcd4']"
4794,3,1,1.0,0.3333333333333333,0.5,1.0,0.46927872602275644,['666d1fb21826457cb530f5acc44a4449924d9306'],"['136d0b7fa1843a8660007c90cd4229caf92923ed', '666d1fb21826457cb530f5acc44a4449924d9306', 'ad577ec5077c2d11b8b5f03732cbc033c4908273']"
4876,3,1,1.0,0.3333333333333333,0.5,1.0,0.46927872602275644,['7e47b133ce2fe7125d2d443a2c10a6674b71af23'],"['7e47b133ce2fe7125d2d443a2c10a6674b71af23', 'c88f84874122797efbec70fc5b3bbf8a91294b52', 'd015ea441c6cd68b75369aa0f798f23ceba344bb']"
5002,2,2,1.0,1.0,1.0,1.0,1.0,"['19dd5c3b9c7c37aad42fafdcde2b34789f1a77e0', '46c370c8c442060f0b5f928c4ee21fd48df8edd3']","['19dd5c3b9c7c37aad42fafdcde2b34789f1a77e0', '46c370c8c442060f0b5f928c4ee21fd48df8edd3']"
5321,1,1,1.0,1.0,1.0,1.0,1.0,['5bfae5f0e762591b83a585c52ded90939b2acb8f'],['5bfae5f0e762591b83a585c52ded90939b2acb8f']
5468,7,4,1.0,0.5714285714285714,0.7272727272727273,1.0,0.7041249493150387,"['10918592ba283b5842978ce18e941cab371d0fe4', '178659c6d98f6e31c924d9f750327eaf8938ad6e', '2bdf233511620ac9a640171b5fe082fbf5d6c576', '2df8ceede0423c0dba11f8e247ee9f482c30a1c9']","['076b6e0b5c79d945aea18eba2782a88cff50f9e4', '10918592ba283b5842978ce18e941cab371d0fe4', '178659c6d98f6e31c924d9f750327eaf8938ad6e', '2bdf233511620ac9a640171b5fe082fbf5d6c576', '2df8ceede0423c0dba11f8e247ee9f482c30a1c9', '6482984dd5e97282f44017b7fd182d28c22a3f52', 'bee1c81fe931f6f4abaa6251507810c356de49ce']"
5974,1,2,0.5,1.0,0.6666666666666666,0.5,0.0,"['72934d2898d1e190aa82752a2ed06e49564d6179', 'a5a5f5b5e9b1bd74365b348e632d2446414af9a5']",['72934d2898d1e190aa82752a2ed06e49564d6179']
5990,1,1,1.0,1.0,1.0,1.0,1.0,['6ca79e7ec31eb5be0a2de8d820ed298a8fa63537'],['6ca79e7ec31eb5be0a2de8d820ed298a8fa63537']
6375,2,1,1.0,0.5,0.6666666666666666,1.0,0.6131471927654584,['fe445a15faaf18895f9108be0bad9a2f98b5ec46'],"['4db59582f9ae79bd6f69d103a1269a423adbed39', 'fe445a15faaf18895f9108be0bad9a2f98b5ec46']"
6430,7,2,1.0,0.2857142857142857,0.4444444444444445,1.0,0.4483039899025303,"['847a2b1ffbd5cbb0b26a6f0d1807591c61ca27ce', 'e925231029176722e684bcef2fa39ff6888b88fe']","['0914f7f0544bc69a132ff4c134f0661e48767a3e', '2e3125057cb2f610a81686929be80a15b4e58630', '52056a3340e87c34ae76878b6dcf3bd9c07fc6c6', '847a2b1ffbd5cbb0b26a6f0d1807591c61ca27ce', 'a4bcc9fcbe6ab3e37207011c2fd6b2c9b1515a60', 'bbd9e1649acf34609ceb4fb2e5b833e70039ebc6', 'e925231029176722e684bcef2fa39ff6888b88fe']"
6675,1,1,1.0,1.0,1.0,1.0,1.0,['7c14d4072ecf80912b28c1f152dcc43afb017b6b'],['7c14d4072ecf80912b28c1f152dcc43afb017b6b']
6679,1,1,1.0,1.0,1.0,1.0,1.0,['fa7965c1f7a62d776506a0ef499f191ba4048ed1'],['fa7965c1f7a62d776506a0ef499f191ba4048ed1']
6888,1,1,1.0,1.0,1.0,1.0,1.0,['c5ceb7d47b3a58227c12d1130b93c0592b34e0f4'],['c5ceb7d47b3a58227c12d1130b93c0592b34e0f4']
7023,1,1,1.0,1.0,1.0,1.0,1.0,['644ffea44c610e22de74188931d77c91f87d5434'],['644ffea44c610e22de74188931d77c91f87d5434']
7100,5,1,1.0,0.2,0.33333333333333337,1.0,0.3391602052736161,['3eebf979f36fb4b79298082d249f10860915dfe5'],"['00f4707b2aad98b6ebe0e56f7d3c91fbe538d1a8', '3eebf979f36fb4b79298082d249f10860915dfe5', '46cdf6232a5b6205e874158289b038cafcd9e51a', '53353ffa1e030c4f4384e5ed2b2b8d6f428d9901', '69a98894e61f571cb72089da31c730fddf0c23cb']"
7122,1,1,1.0,1.0,1.0,1.0,1.0,['1849ea33960c5a6e9bc0416659b9c94f33d8f4d4'],['1849ea33960c5a6e9bc0416659b9c94f33d8f4d4']
7292,5,2,1.0,0.4,0.5714285714285715,1.0,0.5531464700081437,"['80ee9156f49f812eeca0dcb4edefb2dedf150078', 'fb55181b5d9280d1a77c14f4d33282815338b295']","['235c79fb2b142b7842efa9601f74ea800887361e', '80ee9156f49f812eeca0dcb4edefb2dedf150078', '93170b8b88121517ebdec27f8dacc00f6d5f6eef', '9db33309822068a292871594862c8c8be68a277d', 'fb55181b5d9280d1a77c14f4d33282815338b295']"
7371,1,1,1.0,1.0,1.0,1.0,1.0,['b20e4a0500bee0e09497ffdb54e597eca1e03e8d'],['b20e4a0500bee0e09497ffdb54e597eca1e03e8d']
7377,7,1,1.0,0.14285714285714285,0.25,1.0,0.27487633291429087,['8eed708a44b3bba838254c779dae7de1264526eb'],"['0fc7c4295bb48a799e1024b64de48a7c89a419fa', '6cb787404607894179ded7771a6a32a687d4fe9f', '704e6d4b5dd70d4780f923a21c7b43998166c87f', '79d69b6652538fe83e50a17d28cef8eafc3806c3', '8eed708a44b3bba838254c779dae7de1264526eb', 'b880cc90bb141b697337ed7c214416f94b565a38', 'e709944fc831d9c97c5f00eac4c16b8f8d505d26']"
7386,2,1,1.0,0.5,0.6666666666666666,1.0,0.6131471927654584,['e16e923ed38a9406990a837e9136c4b9f7f9ce75'],"['1f36765c76894190371c8f7e9d329309e6c191d6', 'e16e923ed38a9406990a837e9136c4b9f7f9ce75']"
7530,1,0,0.0,0.0,0.0,0.0,0.0,[],['e157ee5b4492f30bd15cf9b67d471a121fbc9f9f']
7663,2,1,1.0,0.5,0.6666666666666666,1.0,0.6131471927654584,['8f66742b7dca65e0717b2bc48eb8f266f0f9d821'],"['4c459a6bebfb94aa56228045b73948afac17c08c', '8f66742b7dca65e0717b2bc48eb8f266f0f9d821']"
7721,1,1,1.0,1.0,1.0,1.0,1.0,['5d6b03845e2b145897df2860abd3d91ef56da2ba'],['5d6b03845e2b145897df2860abd3d91ef56da2ba']
8390,2,1,1.0,0.5,0.6666666666666666,1.0,0.6131471927654584,['10074bcd3df4c0fb290f8313d402839421c97716'],"['10074bcd3df4c0fb290f8313d402839421c97716', 'e5cfb79c2927adf18c095976c92e7dc9708b61e9']"
8485,1,1,1.0,1.0,1.0,1.0,1.0,['5b9790adbbbf4b01d18aa6e817cbef3ebbfd11d5'],['5b9790adbbbf4b01d18aa6e817cbef3ebbfd11d5']
8665,1,1,1.0,1.0,1.0,1.0,1.0,['27447ad4121af6d46e65129eab178ebf83206533'],['27447ad4121af6d46e65129eab178ebf83206533']
8855,1,1,1.0,1.0,1.0,1.0,1.0,['05d4caa6c9d559122f609e6ad66eb820915094f3'],['05d4caa6c9d559122f609e6ad66eb820915094f3']
9025,2,1,1.0,0.5,0.6666666666666666,1.0,0.6131471927654584,['8fdd59f982082dbad8ffd56009c8b4313825ea82'],"['5c5e52a7287ffc6dee0e12fda0fba18c52b79b3b', '8fdd59f982082dbad8ffd56009c8b4313825ea82']"
9078,6,2,1.0,0.3333333333333333,0.5,1.0,0.4935232796777481,"['e54d4580da95e569e112475ae32cf034af2cdccc', 'efd2b2b2c79eb7f44184c4e787b532a50c5e040d']","['0e32a702f1e6fbd41115a9b8c81b54e48f819d1a', '174a62a7d6691f761e0a63b6f85a4c71fd718ef7', 'a202024bc0d61ef828ede9d84d303db76f804f27', 'c1714d32d38a974e6509308448ad9bad98915e93', 'e54d4580da95e569e112475ae32cf034af2cdccc', 'efd2b2b2c79eb7f44184c4e787b532a50c5e040d']"
9081,4,4,1.0,1.0,1.0,1.0,1.0,"['1c2cb71d2d8ef658d2ff91ffc851c508f2636abb', '1d9bb515d348f3b117e01c1b0a6c8f028d797812', '40a8f9eae84878aac6c01cc28926e5860bc9d805', '6f778531a9b65ad03a672f14126b63739dce38c8']","['1c2cb71d2d8ef658d2ff91ffc851c508f2636abb', '1d9bb515d348f3b117e01c1b0a6c8f028d797812', '40a8f9eae84878aac6c01cc28926e5860bc9d805', '6f778531a9b65ad03a672f14126b63739dce38c8']"
9127,4,1,1.0,0.25,0.4,1.0,0.3903800499921017,['769705be058caf0a20e83e604af2dd9bf3449c2f'],"['02671a0d5ea77d4da5d69004b24f886f91bfcb95', '54b0398ff3e6d3dd3aaea758ab323019cd573d90', '769705be058caf0a20e83e604af2dd9bf3449c2f', '7a6d58cc7b5290c8499e6bb79f47e133db6f965a']"
9207,3,1,1.0,0.3333333333333333,0.5,1.0,0.46927872602275644,['3f2447f0964b8c7eed6cd1e6b464b6654ec4dcea'],"['3f2447f0964b8c7eed6cd1e6b464b6654ec4dcea', '5fc225a6c0d9810e9250dffbafdbbbc2b0db844d', 'f997a8b7bfea072b469a4e0e2bb175d639d1ad82']"
9290,2,2,1.0,1.0,1.0,1.0,1.0,"['bc6e1200d47c882cc517ec4461e6fbc50ba963d9', 'c8a2925d367cd74cfe6ea4f64c2fd9042cba40b7']","['bc6e1200d47c882cc517ec4461e6fbc50ba963d9', 'c8a2925d367cd74cfe6ea4f64c2fd9042cba40b7']"
9462,5,1,1.0,0.2,0.33333333333333337,1.0,0.3391602052736161,['139650eb218cb9846ccd047d08f3cf536697ab76'],"['1321fdc8be1a6a3f6fd3838963ea8bfea3734295', '139650eb218cb9846ccd047d08f3cf536697ab76', 'a0dc7d7911d5b76a3f540a4a0a5bd48aaa83a703', 'd48c1916513381a2113812c64b91b2ba4e3466f9', 'd7c7cf3e79c922bb629fcc5c025dc5551f2621df']"
9527,1,1,1.0,1.0,1.0,1.0,1.0,['321609972697152d367e2038ee88bbb318c93f64'],['321609972697152d367e2038ee88bbb318c93f64']
9712,1,0,0.0,0.0,0.0,0.0,0.0,[],['379239e50c1cca54d60df63694c65b03e5a5b987']
9723,1,2,0.5,1.0,0.6666666666666666,0.5,0.0,"['3cf3b66060cdfe3e06fe144dbe25e89c310726ef', '80251b8ddce461f47b95595df46379fd499856d0']",['80251b8ddce461f47b95595df46379fd499856d0']
10022,1,1,1.0,1.0,1.0,1.0,1.0,['f1fbf50678fcca0e01e3620dea07e2aa9c368441'],['f1fbf50678fcca0e01e3620dea07e2aa9c368441']
10058,1,1,1.0,1.0,1.0,1.0,1.0,['b3b85d41da0bc08f4b768e5d5a6d63d96c266e74'],['b3b85d41da0bc08f4b768e5d5a6d63d96c266e74']
10213,3,1,1.0,0.3333333333333333,0.5,1.0,0.46927872602275644,['516bc425304917a948730cdf9ae13fc6a55f7293'],"['516bc425304917a948730cdf9ae13fc6a55f7293', '7578b969b1e5d9a20ad44d370d7695bbf45047ec', 'c7c786e77187e785c98b28035007e6acc88c8197']"
10220,5,0,0.0,0.0,0.0,0.0,0.0,[],"['5c809ace7c50e1ddd2941c33d2acce2d8959728b', '5fac03ed39f78243d5be9e83236d72ce9eb313c8', '8df1fc202eaac3c955db1814de803b5cf677dccf', 'aa12a676d0096fc71f8f9cc8342fc2783a2de24a', 'ccfc5187d923af63ee90f491d80b6b3eb3e017d3']"
10247,1,1,1.0,1.0,1.0,1.0,1.0,['63c2b7061635eb73777ce3e81e576a439aa21189'],['63c2b7061635eb73777ce3e81e576a439aa21189']
10356,2,0,0.0,0.0,0.0,0.0,0.0,[],"['79cbf0939eb9c098f0b368df82e62a020c580a60', 'bbfd80c2991a5d0ad1a98338632a14f65fc34342']"
10534,1,1,1.0,1.0,1.0,1.0,1.0,['88b2a5a1b9d25ae67ff7153f96a5fbffba8abb04'],['88b2a5a1b9d25ae67ff7153f96a5fbffba8abb04']
10591,1,1,1.0,1.0,1.0,1.0,1.0,['5a93a2820114c6bcf6f704a959bc1b733048a99e'],['5a93a2820114c6bcf6f704a959bc1b733048a99e']
10747,6,1,1.0,0.16666666666666666,0.2857142857142857,1.0,0.30260241349881345,['7224828924377be3cc4a3f23028e5908ba320059'],"['072d2860c76e99d92b6fb0739203a58f735593e7', '29350fc11b432b2695f9b8db21b61629b84d8dd7', '4b187576aa32531fa102c4716c6b8dca979998fe', '6a28ce5b2f9d6385cb4162f2eee901ac25004aa0', '7224828924377be3cc4a3f23028e5908ba320059', 'eefc07c692ffe2d5a14d3eca400e441f84d05be1']"
10975,1,1,1.0,1.0,1.0,1.0,1.0,['f16511d29d6463e4c2c0055d53804f611d3a1d2d'],['f16511d29d6463e4c2c0055d53804f611d3a1d2d']
11134,1,2,0.5,1.0,0.6666666666666666,1.0,1.0,"['22d2ed780b3ddfe2991cd467eab4c081c7858f6c', '47e4536e5184cddc879bac73429877fa89f6d7db']",['22d2ed780b3ddfe2991cd467eab4c081c7858f6c']
11147,2,1,1.0,0.5,0.6666666666666666,1.0,0.6131471927654584,['005114bb3e8fddbe7e6866c66273278678376707'],"['005114bb3e8fddbe7e6866c66273278678376707', 'f02a2fa1c48ff6a073977fa980626d031de090af']"
11178,5,4,0.75,0.6,0.6666666666666665,0.5,0.5296347172140421,"['1e2fc66f5d386000b44c4fb0f6aa72ab51a914aa', '95596cf3ba71e3f23a24da279b6040118e4ce2b6', 'a9a950d08523e9f37a47ec9ae8408cc0ce6ba19d', 'ed67f0ade35667bbe6628e2934063ee270ce62ed']","['1e2fc66f5d386000b44c4fb0f6aa72ab51a914aa', '5e76dd29c90442a2191e4156b1ebd68896026862', '7ff5e2bcb42492a0141c00a4ac233e76a8c4eae1', '95596cf3ba71e3f23a24da279b6040118e4ce2b6', 'ed67f0ade35667bbe6628e2934063ee270ce62ed']"
11648,6,2,1.0,0.3333333333333333,0.5,1.0,0.4935232796777481,"['95548a8245b4f071856a58e37aad3ae34bbfd022', 'dec513151a04b5f42eaed1e706fdce85ac69400e']","['3b94a454a418c97063df9db9bde688dfa88c63db', '3f463f532c2e3cb200f997faf742735dd87bf3df', '95548a8245b4f071856a58e37aad3ae34bbfd022', '9ba94801480c412539f5090072b77b05ec2131e5', 'd744743cb7143c45c449ea5a113a37600e34681e', 'dec513151a04b5f42eaed1e706fdce85ac69400e']"
12273,2,0,0.0,0.0,0.0,0.0,0.0,[],"['18dbfd48bf84551777b3fb175b46a837590d80fa', '86ea177fec5bfba196986e3185792eda37cae8de']"
12772,1,1,1.0,1.0,1.0,1.0,1.0,['dd2acf32b6f7bc25539c71668f1273f0fcf716f8'],['dd2acf32b6f7bc25539c71668f1273f0fcf716f8']
12874,2,1,1.0,0.5,0.6666666666666666,1.0,0.6131471927654584,['4e00cd90626249affe60952a61f611bdd5fdf49c'],"['4e00cd90626249affe60952a61f611bdd5fdf49c', '4eb0d57d708ffaa4f5ff7ad0690d586491b56147']"
13155,3,1,1.0,0.3333333333333333,0.5,1.0,0.46927872602275644,['6a6e2f187f6f63c53563a5e8871807a5305a57df'],"['6a6e2f187f6f63c53563a5e8871807a5305a57df', 'b082873bb788ff5c8d0d0d5c476b15d2f189a5dc', 'd29d2b46bdab3f781a6839a506b638e15340bd02']"
13178,1,1,1.0,1.0,1.0,1.0,1.0,['2fa0299ccc827af830de4188080032b954bb510b'],['2fa0299ccc827af830de4188080032b954bb510b']
13180,6,1,1.0,0.16666666666666666,0.2857142857142857,1.0,0.30260241349881345,['f05a6ed7c3b6c7a7da3b02da3c9236380e15bd61'],"['271a970aa0db98c7b93b07b6c699c2763ce27ffa', '36b85a50aa1a8f67ef4b6835bc66659202590bf5', '465cb22530e2aa5f688878f3131362cd2557448e', '9978fd5ab3a7f7cf7ca0a88feda5c9eded3af280', 'f05a6ed7c3b6c7a7da3b02da3c9236380e15bd61', 'f9ca9a66c2039ba014431bf4907c4a79754fee56']"
13393,2,1,1.0,0.5,0.6666666666666666,1.0,0.6131471927654584,['f592e1b5127c71c746c34f796866ea1ef3587749'],"['d89cf890e52151d8610f819ec2d3b0fd7d417395', 'f592e1b5127c71c746c34f796866ea1ef3587749']"
13444,2,2,1.0,1.0,1.0,1.0,1.0,"['a1a7557af5ac904846dabd01cfb3594c54b7894e', 'b52e37400740d10e1df169646ced9237ea9c9cec']","['a1a7557af5ac904846dabd01cfb3594c54b7894e', 'b52e37400740d10e1df169646ced9237ea9c9cec']"
13538,1,1,1.0,1.0,1.0,1.0,1.0,['3732e1bbfd1c77db03b9223248a5c6f50c80c66d'],['3732e1bbfd1c77db03b9223248a5c6f50c80c66d']
13813,1,1,1.0,1.0,1.0,1.0,1.0,['58f28a5eabc42c7d690822c35f7b77a83b4955f5'],['58f28a5eabc42c7d690822c35f7b77a83b4955f5']
13873,4,0,0.0,0.0,0.0,0.0,0.0,[],"['0a32bcf4b8a0f52e7e9a192fa2c0bc3739173638', '1eefb283c9a2582adb0eff1ddbca5cccb0df9896', '50bea098d881539d6f58c38ed678c4d0aed24044', 'ad1d8671bb3cf8b52362d3d17031d2b45bb6afc4']"
14157,4,2,1.0,0.5,0.6666666666666666,1.0,0.6366824387328317,"['68b597b02e7b2a5b547db820f7b036f95182321b', 'db9c88325886f5affa006ac0f2d32d7041796301']","['640fe98041bd4d58aa0eea0b72bdb71b42bcc066', '68b597b02e7b2a5b547db820f7b036f95182321b', '8bd915095ed2ca3e5bc8225789155fbbe5bd844e', 'db9c88325886f5affa006ac0f2d32d7041796301']"
14309,1,1,1.0,1.0,1.0,1.0,1.0,['3b19b57f19ef48663610942e8a65932e9de66f68'],['3b19b57f19ef48663610942e8a65932e9de66f68']
14337,1,1,1.0,1.0,1.0,1.0,1.0,['e9148439d5017cd827d51b19c8e57ff2c0230464'],['e9148439d5017cd827d51b19c8e57ff2c0230464']
15080,7,1,1.0,0.14285714285714285,0.25,1.0,0.27487633291429087,['a07da0f7edd15c35f98d7f4440fe7d81b6a355fc'],"['2a503be9015f16314985030dd2f2df0b144185b4', '852cc819a784bd04c79f19e9f735dc01b34a7717', '9438d42f17c8fce1b725f412c1c3312fa44ae6f8', 'a07da0f7edd15c35f98d7f4440fe7d81b6a355fc', 'bf63343f556ca955db3d7c1e50097744af1acc11', 'c65b5939957d0b494443c88ed69916ac58837b67', 'fd7f1018ea09f935ca5e68a43dc5aea9b0336cb4']"
15456,6,1,1.0,0.16666666666666666,0.2857142857142857,1.0,0.30260241349881345,['8ec13df9ee230c7609a0f121cc6e63d37aa2f9bb'],"['33e16197512d5b4ecee5f31cabd8f90d7f619532', '4835a7ee0bd50b5657cc0e197ed6aa2056c029fe', '8ec13df9ee230c7609a0f121cc6e63d37aa2f9bb', 'b25d7769589a63e439e5bbdcbe288c1b192fadac', 'cd36b3dca7a21b07dd29744a9672e59fcccb0e20', 'd86bac8f34cd8614ddc6b2558e8a01955db09a5e']"
15542,1,1,1.0,1.0,1.0,1.0,1.0,['a4e7d0325bbedee44b7656117fd0d50f5a5d0f41'],['a4e7d0325bbedee44b7656117fd0d50f5a5d0f41']
15724,1,1,1.0,1.0,1.0,1.0,1.0,['103d0309564e03cb120bb37bb065c531cc00e32f'],['103d0309564e03cb120bb37bb065c531cc00e32f']
15728,1,1,1.0,1.0,1.0,1.0,1.0,['8ebce7638839bee9e8a57a41378257cc4d26da0d'],['8ebce7638839bee9e8a57a41378257cc4d26da0d']
15731,1,1,1.0,1.0,1.0,1.0,1.0,['d1c0d5bf7ba06dfb7ea22133d294cdc3545bb22a'],['d1c0d5bf7ba06dfb7ea22133d294cdc3545bb22a']
